[0, 1, 2, 3, 4]=[5, 6, 7, 8, 9]
3
16
23
51
134
149
233
462
507
609
697
799
819
892
906
928
[0, 1, 2, 3, 5]=[4, 6, 7, 8, 9]
3
23
55
89
141
266
357
557
581
656
672
686
706
787
[0, 1, 2, 3, 6]=[4, 5, 7, 8, 9]
3
7
55
138
303
602
769
784
966
987
[0, 1, 2, 3, 7]=[4, 5, 6, 8, 9]
7
21
23
108
158
174
193
274
305
309
316
505
526
698
723
789
795
844
[0, 1, 2, 3, 8]=[4, 5, 6, 7, 9]
3
23
24
51
104
155
177
191
375
537
646
686
722
731
966
[0, 1, 2, 3, 9]=[4, 5, 6, 7, 8]
3
7
15
21
53
65
131
161
174
193
324
399
401
479
559
572
574
638
763
766
[0, 1, 2, 4, 5]=[3, 6, 7, 8, 9]
3
7
23
54
78
149
152
191
238
309
339
393
545
789
848
851
[0, 1, 2, 4, 6]=[3, 5, 7, 8, 9]
3
5
21
63
103
108
127
167
176
177
349
351
399
433
614
[0, 1, 2, 4, 7]=[3, 5, 6, 8, 9]
5
22
23
132
545
559
697
726
886
[0, 1, 2, 4, 8]=[3, 5, 6, 7, 9]
3
5
7
16
23
51
63
98
164
182
185
218
262
266
274
383
406
531
555
609
711
[0, 1, 2, 4, 9]=[3, 5, 6, 7, 8]
3
5
11
16
65
173
185
194
245
316
377
427
475
689
742
851
867
[0, 1, 2, 5, 6]=[3, 4, 7, 8, 9]
3
16
78
151
322
397
401
488
531
602
657
757
946
953
[0, 1, 2, 5, 7]=[3, 4, 6, 8, 9]
16
23
78
204
264
266
267
318
373
375
516
599
675
705
722
807
832
[0, 1, 2, 5, 8]=[3, 4, 6, 7, 9]
3
7
23
56
72
98
132
145
167
355
365
391
579
582
848
902
[0, 1, 2, 5, 9]=[3, 4, 6, 7, 8]
3
65
84
93
139
173
194
245
324
337
359
656
722
864
[0, 1, 2, 6, 7]=[3, 4, 5, 8, 9]
5
51
62
132
194
273
401
769
[0, 1, 2, 6, 8]=[3, 4, 5, 7, 9]
3
5
127
294
457
459
512
778
861
[0, 1, 2, 6, 9]=[3, 4, 5, 7, 8]
3
5
63
88
93
127
196
235
337
343
377
391
574
692
726
823
[0, 1, 2, 7, 8]=[3, 4, 5, 6, 9]
5
23
64
98
111
145
193
217
294
305
433
484
526
554
586
816
854
[0, 1, 2, 7, 9]=[3, 4, 5, 6, 8]
5
77
176
298
414
468
516
526
579
698
705
864
876
998
[0, 1, 2, 8, 9]=[3, 4, 5, 6, 7]
3
5
15
56
63
93
108
161
193
298
466
602
823
983
[0, 1, 3, 4, 5]=[2, 6, 7, 8, 9]
15
23
56
127
207
292
307
359
468
516
582
676
706
[0, 1, 3, 4, 6]=[2, 5, 7, 8, 9]
5
7
8
22
213
238
459
537
602
805
814
876
886
[0, 1, 3, 4, 7]=[2, 5, 6, 8, 9]
3
5
7
15
23
95
108
132
207
264
278
406
482
641
795
902
[0, 1, 3, 4, 8]=[2, 5, 6, 7, 9]
5
23
62
89
135
367
418
422
437
482
484
554
678
787
959
[0, 1, 3, 4, 9]=[2, 5, 6, 7, 8]
5
7
11
24
56
84
262
274
516
559
799
808
938
[0, 1, 3, 5, 6]=[2, 4, 7, 8, 9]
7
8
52
83
134
146
149
158
161
567
684
[0, 1, 3, 5, 7]=[2, 4, 6, 8, 9]
3
7
23
51
79
138
212
311
365
371
643
[0, 1, 3, 5, 8]=[2, 4, 6, 7, 9]
23
83
88
127
132
437
455
464
599
751
807
[0, 1, 3, 5, 9]=[2, 4, 6, 7, 8]
7
127
228
276
455
479
505
681
906
966
[0, 1, 3, 6, 7]=[2, 4, 5, 8, 9]
3
5
22
88
132
134
196
199
255
259
264
389
393
453
462
505
638
955
[0, 1, 3, 6, 8]=[2, 4, 5, 7, 9]
5
7
8
16
21
65
83
146
213
289
353
498
526
942
962
969
[0, 1, 3, 6, 9]=[2, 4, 5, 7, 8]
5
8
15
16
99
113
131
182
296
332
461
462
526
[0, 1, 3, 7, 8]=[2, 4, 5, 6, 9]
3
5
7
16
23
111
117
516
678
976
[0, 1, 3, 7, 9]=[2, 4, 5, 6, 8]
3
5
16
24
65
84
107
112
138
149
155
168
182
345
403
416
832
998
[0, 1, 3, 8, 9]=[2, 4, 5, 6, 7]
5
7
79
104
337
373
519
586
638
714
925
977
[0, 1, 4, 5, 6]=[2, 3, 7, 8, 9]
5
8
205
339
429
455
464
484
495
602
648
683
739
[0, 1, 4, 5, 7]=[2, 3, 6, 8, 9]
3
5
21
22
23
51
72
112
173
199
271
363
444
462
711
886
946
[0, 1, 4, 5, 8]=[2, 3, 6, 7, 9]
5
7
15
23
24
62
64
71
134
283
285
311
322
355
429
435
444
615
683
919
[0, 1, 4, 5, 9]=[2, 3, 6, 7, 8]
5
11
21
53
213
357
462
475
672
686
909
[0, 1, 4, 6, 7]=[2, 3, 5, 8, 9]
3
63
79
425
507
521
617
811
861
976
[0, 1, 4, 6, 8]=[2, 3, 5, 7, 9]
8
24
53
65
71
164
171
294
296
389
422
448
554
695
866
915
[0, 1, 4, 6, 9]=[2, 3, 5, 7, 8]
8
78
98
155
252
498
684
746
769
841
[0, 1, 4, 7, 8]=[2, 3, 5, 6, 9]
3
15
23
63
72
127
134
139
179
217
269
274
294
466
495
607
667
793
[0, 1, 4, 7, 9]=[2, 3, 5, 6, 8]
3
11
65
71
77
78
83
127
176
267
444
475
533
[0, 1, 4, 8, 9]=[2, 3, 5, 6, 7]
11
108
141
177
215
273
283
307
341
444
459
461
557
602
667
686
[0, 1, 5, 6, 7]=[2, 3, 4, 8, 9]
3
5
99
292
442
486
533
805
925
962
[0, 1, 5, 6, 8]=[2, 3, 4, 7, 9]
5
8
54
56
65
89
93
94
161
176
292
359
486
488
599
905
939
[0, 1, 5, 6, 9]=[2, 3, 4, 7, 8]
5
8
98
138
191
204
307
318
433
482
512
695
902
945
979
[0, 1, 5, 7, 8]=[2, 3, 4, 6, 9]
3
5
23
24
51
54
88
128
164
165
243
267
271
349
416
723
725
986
[0, 1, 5, 7, 9]=[2, 3, 4, 6, 8]
3
5
15
53
64
65
89
149
303
361
459
559
579
863
[0, 1, 5, 8, 9]=[2, 3, 4, 6, 7]
5
207
213
363
414
491
572
589
684
883
[0, 1, 6, 7, 8]=[2, 3, 4, 5, 9]
3
24
53
117
138
151
235
318
385
431
448
466
537
656
659
915
983
[0, 1, 6, 7, 9]=[2, 3, 4, 5, 8]
3
63
72
78
98
108
112
113
199
217
259
294
416
557
766
886
[0, 1, 6, 8, 9]=[2, 3, 4, 5, 7]
8
15
16
56
77
84
113
179
185
245
357
373
385
526
774
798
805
845
[0, 1, 7, 8, 9]=[2, 3, 4, 5, 6]
3
16
21
52
63
127
207
248
262
345
361
579
599
963
[0, 2, 3, 4, 5]=[1, 6, 7, 8, 9]
3
15
22
64
84
104
141
151
165
296
545
594
662
754
908
[0, 2, 3, 4, 6]=[1, 5, 7, 8, 9]
3
5
16
23
188
202
367
479
731
[0, 2, 3, 4, 7]=[1, 5, 6, 8, 9]
5
8
15
16
51
123
135
188
228
455
468
545
684
722
879
[0, 2, 3, 4, 8]=[1, 5, 6, 7, 9]
3
5
62
65
77
112
124
139
142
294
307
322
373
495
857
[0, 2, 3, 4, 9]=[1, 5, 6, 7, 8]
3
5
24
123
146
171
289
355
367
722
754
789
[0, 2, 3, 5, 6]=[1, 4, 7, 8, 9]
3
11
23
94
123
127
255
307
351
359
446
459
475
609
863
[0, 2, 3, 5, 7]=[1, 4, 6, 8, 9]
8
22
79
84
168
202
538
592
667
746
867
[0, 2, 3, 5, 8]=[1, 4, 6, 7, 9]
3
65
72
108
112
252
425
557
628
784
819
845
[0, 2, 3, 5, 9]=[1, 4, 6, 7, 8]
3
51
56
88
103
134
168
202
361
393
521
559
667
805
829
892
938
[0, 2, 3, 6, 7]=[1, 4, 5, 8, 9]
5
7
11
23
52
225
285
459
475
567
998
[0, 2, 3, 6, 8]=[1, 4, 5, 7, 9]
3
5
11
21
23
124
155
188
262
318
697
801
889
928
[0, 2, 3, 6, 9]=[1, 4, 5, 7, 8]
3
5
7
15
77
145
225
235
294
343
451
665
684
[0, 2, 3, 7, 8]=[1, 4, 5, 6, 9]
5
8
51
103
113
123
142
176
188
217
274
562
698
784
787
[0, 2, 3, 7, 9]=[1, 4, 5, 6, 8]
5
7
8
24
134
173
294
414
488
589
594
597
607
638
703
983
[0, 2, 3, 8, 9]=[1, 4, 5, 6, 7]
3
5
78
79
123
142
149
196
259
278
361
453
521
582
594
689
804
808
[0, 2, 4, 5, 6]=[1, 3, 7, 8, 9]
3
5
7
22
23
88
89
116
182
245
311
406
433
442
633
[0, 2, 4, 5, 7]=[1, 3, 6, 8, 9]
5
7
8
21
93
182
333
377
559
609
698
726
751
771
845
[0, 2, 4, 5, 8]=[1, 3, 6, 7, 9]
3
5
15
24
62
65
128
138
188
391
412
468
567
[0, 2, 4, 5, 9]=[1, 3, 6, 7, 8]
3
5
7
21
51
117
196
464
484
643
[0, 2, 4, 6, 7]=[1, 3, 5, 8, 9]
23
79
93
127
149
158
161
276
427
466
772
[0, 2, 4, 6, 8]=[1, 3, 5, 7, 9]
3
7
16
23
24
63
112
196
373
427
781
805
973
[0, 2, 4, 6, 9]=[1, 3, 5, 7, 8]
3
16
167
179
207
298
341
389
391
542
545
784
994
[0, 2, 4, 7, 8]=[1, 3, 5, 6, 9]
7
8
15
16
22
51
93
99
142
259
276
403
488
906
[0, 2, 4, 7, 9]=[1, 3, 5, 6, 8]
8
16
22
94
108
205
318
345
408
486
743
[0, 2, 4, 8, 9]=[1, 3, 5, 6, 7]
3
7
138
142
289
347
403
486
489
545
552
697
817
826
976
[0, 2, 5, 6, 7]=[1, 3, 4, 8, 9]
5
11
16
22
23
71
77
202
207
303
377
617
627
[0, 2, 5, 6, 8]=[1, 3, 4, 7, 9]
3
5
7
11
23
83
84
112
451
519
579
609
826
889
973
[0, 2, 5, 6, 9]=[1, 3, 4, 7, 8]
3
5
71
202
213
235
292
365
516
633
657
726
789
814
962
966
[0, 2, 5, 7, 8]=[1, 3, 4, 6, 9]
5
7
8
24
111
131
152
252
311
433
473
507
625
665
842
883
936
[0, 2, 5, 7, 9]=[1, 3, 4, 6, 8]
5
8
15
88
243
345
829
[0, 2, 5, 8, 9]=[1, 3, 4, 6, 7]
3
5
7
51
54
55
95
149
167
231
238
459
505
769
816
873
966
[0, 2, 6, 7, 8]=[1, 3, 4, 5, 9]
11
23
24
54
127
276
287
367
462
505
697
772
892
[0, 2, 6, 7, 9]=[1, 3, 4, 5, 8]
127
194
305
533
569
579
743
796
838
[0, 2, 6, 8, 9]=[1, 3, 4, 5, 7]
3
15
55
63
89
141
171
185
215
307
322
399
401
429
462
464
694
877
977
986
[0, 2, 7, 8, 9]=[1, 3, 4, 5, 6]
8
21
64
111
142
173
196
215
218
243
367
459
507
528
698
739
[0, 3, 4, 5, 6]=[1, 2, 7, 8, 9]
5
15
23
24
123
138
231
267
461
462
464
479
562
[0, 3, 4, 5, 7]=[1, 2, 6, 8, 9]
3
5
72
127
135
179
196
199
212
486
516
662
777
845
902
955
[0, 3, 4, 5, 8]=[1, 2, 6, 7, 9]
5
16
55
71
108
128
139
149
177
289
437
486
646
665
909
[0, 3, 4, 5, 9]=[1, 2, 6, 7, 8]
5
16
52
53
54
83
104
112
145
158
459
498
559
654
751
984
[0, 3, 4, 6, 7]=[1, 2, 5, 8, 9]
3
7
15
23
54
139
457
609
648
[0, 3, 4, 6, 8]=[1, 2, 5, 7, 9]
22
23
53
55
62
71
84
104
313
375
389
397
422
446
633
651
769
857
959
[0, 3, 4, 6, 9]=[1, 2, 5, 7, 8]
7
22
77
83
88
138
149
278
294
361
468
697
877
905
935
[0, 3, 4, 7, 8]=[1, 2, 5, 6, 9]
3
64
65
72
104
123
151
176
177
204
217
431
484
594
841
857
[0, 3, 4, 7, 9]=[1, 2, 5, 6, 8]
3
7
71
145
165
205
255
259
294
349
448
459
516
557
633
659
719
737
[0, 3, 4, 8, 9]=[1, 2, 5, 6, 7]
83
123
274
285
349
351
533
562
654
939
953
984
[0, 3, 5, 6, 7]=[1, 2, 4, 8, 9]
3
5
7
11
23
24
107
108
337
475
706
[0, 3, 5, 6, 8]=[1, 2, 4, 7, 9]
5
11
23
117
123
145
171
255
269
355
357
371
516
533
746
864
[0, 3, 5, 6, 9]=[1, 2, 4, 7, 8]
5
7
56
94
103
148
179
267
367
391
453
507
582
628
686
754
784
977
[0, 3, 5, 7, 8]=[1, 2, 4, 6, 9]
3
5
21
52
65
111
127
146
185
262
328
523
659
742
866
993
[0, 3, 5, 7, 9]=[1, 2, 4, 6, 8]
3
5
7
53
83
127
185
425
495
602
708
771
[0, 3, 5, 8, 9]=[1, 2, 4, 6, 7]
5
21
77
89
141
164
191
414
584
[0, 3, 6, 7, 8]=[1, 2, 4, 5, 9]
3
7
11
16
22
23
53
84
103
139
145
165
235
292
371
381
446
564
864
[0, 3, 6, 7, 9]=[1, 2, 4, 5, 8]
3
16
22
72
83
152
155
199
202
217
266
307
318
433
451
457
498
675
683
722
783
784
805
823
[0, 3, 6, 8, 9]=[1, 2, 4, 5, 7]
7
135
152
182
218
238
375
516
584
633
686
695
912
[0, 3, 7, 8, 9]=[1, 2, 4, 5, 6]
3
7
55
83
111
174
182
231
305
381
416
488
531
564
604
638
683
811
823
[0, 4, 5, 6, 7]=[1, 2, 3, 8, 9]
3
23
77
165
255
316
375
395
473
484
777
[0, 4, 5, 6, 8]=[1, 2, 3, 7, 9]
7
15
21
23
62
116
259
431
581
695
766
839
[0, 4, 5, 6, 9]=[1, 2, 3, 7, 8]
52
78
93
112
134
149
257
311
555
984
[0, 4, 5, 7, 8]=[1, 2, 3, 6, 9]
3
7
22
65
171
231
271
675
793
814
861
[0, 4, 5, 7, 9]=[1, 2, 3, 6, 8]
3
22
24
55
78
103
124
199
309
365
775
935
[0, 4, 5, 8, 9]=[1, 2, 3, 6, 7]
7
16
64
88
93
128
283
359
393
473
502
651
829
[0, 4, 6, 7, 8]=[1, 2, 3, 5, 9]
3
15
23
63
225
311
582
609
665
769
796
[0, 4, 6, 7, 9]=[1, 2, 3, 5, 8]
3
24
55
88
134
174
193
332
418
697
714
778
987
[0, 4, 6, 8, 9]=[1, 2, 3, 5, 7]
93
225
285
313
377
442
717
883
926
984
987
[0, 4, 7, 8, 9]=[1, 2, 3, 5, 6]
3
132
269
468
572
771
798
863
[0, 5, 6, 7, 8]=[1, 2, 3, 4, 9]
3
11
23
52
131
141
191
218
235
337
341
403
451
468
586
689
795
962
[0, 5, 6, 7, 9]=[1, 2, 3, 4, 8]
3
15
78
124
243
255
357
375
579
694
723
848
998
[0, 5, 6, 8, 9]=[1, 2, 3, 4, 7]
108
148
262
403
435
505
774
778
786
801
918
945
[0, 5, 7, 8, 9]=[1, 2, 3, 4, 6]
3
134
168
311
379
615
628
745
775
906
[0, 6, 7, 8, 9]=[1, 2, 3, 4, 5]
3
16
63
132
176
231
243
296
381
416
431
557
579
742
745
774
